==============================================
C# Bulk Copy GUID/UniqueIdentifier Test
==============================================

TDS Tracing ENABLED via AppContext
[TDS OUT] ObjectID=1, PacketNum=1, MsgType=0x12, Status=0x01, Length=94 bytes
[TDS OUT] Hex Data: 12 01 00 5E 00 00 01 00 00 00 24 00 06 01 00 2A 00 01 02 00 2B 00 01 03 00 2C 00 04 04 00 30 00 01 05 00 31 00 24 06 00 55 00 01 FF 07 00 00 00 00 00 01 00 00 00 00 01 00 52 7E D1 19 B3 A3 B0 4B 80 AC 4B 18 DB EF E6 65 19 12 C9 2A 6A 2F 33 44 B9 E2 A8 D1 A9 C2 33 6A 02 00 00 00 01

[TDS IN COMPAT] ObjectID=1, PacketNum=1, MsgType=0x04, Status=0x01, Length=54 bytes, DataSize=54
[TDS IN COMPAT] Hex Data: 04 01 00 36 00 00 01 00 00 00 24 00 06 01 00 2A 00 01 02 00 2B 00 01 03 00 2C 00 00 04 00 2C 00 01 05 00 2D 00 00 06 00 2D 00 01 FF 11 00 03 B6 00 00 01 00 00 00

[TDS OUT] ObjectID=1, PacketNum=1, MsgType=0x10, Status=0x01, Length=377 bytes
[TDS OUT] Hex Data: 10 01 01 79 00 00 01 00 71 01 00 00 04 00 00 74 40 1F 00 00 00 00 00 06 3C 88 00 00 00 00 00 00 E0 03 00 10 00 00 00 00 00 00 00 00 5E 00 0F 00 7C 00 02 00 80 00 08 00 90 00 26 00 DC 00 0F 00 FA 00 04 00 FE 00 26 00 4A 01 00 00 4A 01 00 00 4E 83 30 42 47 DF 4A 01 00 00 4A 01 00 00 4A 01 00 00 00 00 00 00 43 00 50 00 43 00 2D 00 73 00 69 00 6E 00 67 00 68 00 2D 00 59 00 55 00 42 00 37 00 4D 00 73 00 61 00 E0 A5 F3 A5 92 A5 E2 A5 A0 A5 B3 A5 92 A5 92 A5 43 00 6F 00 72 00 65 00 20 00 4D 00 69 00 63 00 72 00 6F 00 73 00 6F 00 66 00 74 00 20 00 53 00 71 00 6C 00 43 00 6C 00 69 00 65 00 6E 00 74 00 20 00 44 00 61 00 74 00 61 00 20 00 50 00 72 00 6F 00 76 00 69 00 64 00 65 00 72 00 6C 00 6F 00 63 00 61 00 6C 00 68 00 6F 00 73 00 74 00 2C 00 31 00 34 00 33 00 33 00 33 00 4A 01 00 00 43 00 6F 00 72 00 65 00 20 00 4D 00 69 00 63 00 72 00 6F 00 73 00 6F 00 66 00 74 00 20 00 53 00 71 00 6C 00 43 00 6C 00 69 00 65 00 6E 00 74 00 20 00 44 00 61 00 74 00 61 00 20 00 50 00 72 00 6F 00 76 00 69 00 64 00 65 00 72 00 01 00 00 00 00 05 00 00 00 00 09 01 00 00 00 02 0A 00 00 00 00 0B 00 00 00 00 0D 01 00 00 00 01 0E 01 00 00 00 01 FF

[TDS IN COMPAT] ObjectID=1, PacketNum=1, MsgType=0x04, Status=0x01, Length=497 bytes, DataSize=497
[TDS IN COMPAT] Hex Data: 04 01 01 F1 00 37 01 00 E3 1B 00 01 06 6D 00 61 00 73 00 74 00 65 00 72 00 06 6D 00 61 00 73 00 74 00 65 00 72 00 AB 76 00 45 16 00 00 02 00 25 00 43 00 68 00 61 00 6E 00 67 00 65 00 64 00 20 00 64 00 61 00 74 00 61 00 62 00 61 00 73 00 65 00 20 00 63 00 6F 00 6E 00 74 00 65 00 78 00 74 00 20 00 74 00 6F 00 20 00 27 00 6D 00 61 00 73 00 74 00 65 00 72 00 27 00 2E 00 0F 43 00 50 00 43 00 2D 00 73 00 69 00 6E 00 67 00 68 00 2D 00 59 00 55 00 42 00 37 00 4D 00 00 01 00 00 00 E3 08 00 07 05 09 04 D0 00 34 00 E3 17 00 02 0A 75 00 73 00 5F 00 65 00 6E 00 67 00 6C 00 69 00 73 00 68 00 00 AB 7A 00 47 16 00 00 01 00 27 00 43 00 68 00 61 00 6E 00 67 00 65 00 64 00 20 00 6C 00 61 00 6E 00 67 00 75 00 61 00 67 00 65 00 20 00 73 00 65 00 74 00 74 00 69 00 6E 00 67 00 20 00 74 00 6F 00 20 00 75 00 73 00 5F 00 65 00 6E 00 67 00 6C 00 69 00 73 00 68 00 2E 00 0F 43 00 50 00 43 00 2D 00 73 00 69 00 6E 00 67 00 68 00 2D 00 59 00 55 00 42 00 37 00 4D 00 00 01 00 00 00 AD 36 00 01 74 00 00 04 16 4D 00 69 00 63 00 72 00 6F 00 73 00 6F 00 66 00 74 00 20 00 53 00 51 00 4C 00 20 00 53 00 65 00 72 00 76 00 65 00 72 00 00 00 00 00 11 00 03 B6 E3 13 00 04 04 38 00 30 00 30 00 30 00 04 34 00 30 00 39 00 36 00 AE 01 2E 00 00 00 00 09 00 60 81 14 FF E7 FF FF 00 02 02 07 01 04 01 00 05 04 FF FF FF FF 06 01 00 07 01 02 08 08 00 00 00 00 00 00 00 00 09 04 FF FF FF FF 09 02 00 00 00 02 01 0A 01 00 00 00 01 0B 01 00 00 00 00 0D 01 00 00 00 01 0E 01 00 00 00 01 FF FD 00 00 00 00 00 00 00 00 00 00 00 00

[TDS TOKEN] ObjectID=1, Token=0xE3 (SQLENVCHANGE)
[TDS TOKEN] ObjectID=1, Token=0xAB (SQLINFO)
[TDS TOKEN] ObjectID=1, Token=0xE3 (SQLENVCHANGE)
[TDS TOKEN] ObjectID=1, Token=0xE3 (SQLENVCHANGE)
[TDS TOKEN] ObjectID=1, Token=0xAB (SQLINFO)
[TDS TOKEN] ObjectID=1, Token=0xAD (SQLLOGINACK)
[TDS TOKEN] ObjectID=1, Token=0xE3 (SQLENVCHANGE)
[TDS TOKEN] ObjectID=1, Token=0xAE (SQLFEATUREEXTACK)
[TDS TOKEN] ObjectID=1, Token=0xFD (SQLDONE)
Connected to SQL Server
[TDS OUT] ObjectID=1, PacketNum=1, MsgType=0x01, Status=0x01, Length=310 bytes
[TDS OUT] Hex Data: 01 01 01 36 00 00 01 00 16 00 00 00 12 00 00 00 02 00 00 00 00 00 00 00 00 00 01 00 00 00 43 00 52 00 45 00 41 00 54 00 45 00 20 00 54 00 41 00 42 00 4C 00 45 00 20 00 23 00 42 00 75 00 6C 00 6B 00 43 00 6F 00 70 00 79 00 47 00 75 00 69 00 64 00 20 00 28 00 0D 00 0A 00 20 00 20 00 20 00 20 00 20 00 20 00 20 00 20 00 20 00 20 00 20 00 20 00 20 00 20 00 20 00 20 00 20 00 20 00 20 00 20 00 69 00 64 00 20 00 55 00 4E 00 49 00 51 00 55 00 45 00 49 00 44 00 45 00 4E 00 54 00 49 00 46 00 49 00 45 00 52 00 20 00 4E 00 4F 00 54 00 20 00 4E 00 55 00 4C 00 4C 00 2C 00 0D 00 0A 00 20 00 20 00 20 00 20 00 20 00 20 00 20 00 20 00 20 00 20 00 20 00 20 00 20 00 20 00 20 00 20 00 20 00 20 00 20 00 20 00 63 00 6F 00 75 00 6E 00 74 00 65 00 72 00 20 00 49 00 4E 00 54 00 20 00 4E 00 4F 00 54 00 20 00 4E 00 55 00 4C 00 4C 00 0D 00 0A 00 20 00 20 00 20 00 20 00 20 00 20 00 20 00 20 00 20 00 20 00 20 00 20 00 20 00 20 00 20 00 20 00 29 00

[TDS IN COMPAT] ObjectID=1, PacketNum=1, MsgType=0x04, Status=0x01, Length=37 bytes, DataSize=37
[TDS IN COMPAT] Hex Data: 04 01 00 25 00 37 01 00 E4 0B 00 00 00 01 00 00 00 00 FE 04 05 00 00 00 FD 00 00 C6 00 00 00 00 00 00 00 00 00

[TDS TOKEN] ObjectID=1, Token=0xE4 (SQLSESSIONSTATE)
[TDS TOKEN] ObjectID=1, Token=0xFD (SQLDONE)
Created temp table #BulkCopyGuid
Prepared 3 rows with GUID data

Executing bulk copy...
[TDS OUT] ObjectID=1, PacketNum=1, MsgType=0x01, Status=0x01, Length=1766 bytes
[TDS OUT] Hex Data: 01 01 06 E6 00 00 01 00 16 00 00 00 12 00 00 00 02 00 00 00 00 00 00 00 00 00 01 00 00 00 53 00 45 00 4C 00 45 00 43 00 54 00 20 00 40 00 40 00 54 00 52 00 41 00 4E 00 43 00 4F 00 55 00 4E 00 54 00 3B 00 0D 00 0A 00 0D 00 0A 00 44 00 45 00 43 00 4C 00 41 00 52 00 45 00 20 00 40 00 43 00 6F 00 6C 00 75 00 6D 00 6E 00 5F 00 4E 00 61 00 6D 00 65 00 73 00 20 00 4E 00 56 00 41 00 52 00 43 00 48 00 41 00 52 00 28 00 4D 00 41 00 58 00 29 00 20 00 3D 00 20 00 4E 00 55 00 4C 00 4C 00 3B 00 0D 00 0A 00 49 00 46 00 20 00 45 00 58 00 49 00 53 00 54 00 53 00 20 00 28 00 53 00 45 00 4C 00 45 00 43 00 54 00 20 00 54 00 4F 00 50 00 20 00 31 00 20 00 2A 00 20 00 46 00 52 00 4F 00 4D 00 20 00 73 00 79 00 73 00 2E 00 61 00 6C 00 6C 00 5F 00 63 00 6F 00 6C 00 75 00 6D 00 6E 00 73 00 20 00 57 00 48 00 45 00 52 00 45 00 20 00 5B 00 6F 00 62 00 6A 00 65 00 63 00 74 00 5F 00 69 00 64 00 5D 00 20 00 3D 00 20 00 4F 00 42 00 4A 00 45 00 43 00 54 00 5F 00 49 00 44 00 28 00 27 00 73 00 79 00 73 00 2E 00 61 00 6C 00 6C 00 5F 00 63 00 6F 00 6C 00 75 00 6D 00 6E 00 73 00 27 00 29 00 20 00 41 00 4E 00 44 00 20 00 5B 00 6E 00 61 00 6D 00 65 00 5D 00 20 00 3D 00 20 00 27 00 67 00 72 00 61 00 70 00 68 00 5F 00 74 00 79 00 70 00 65 00 27 00 29 00 0D 00 0A 00 42 00 45 00 47 00 49 00 4E 00 0D 00 0A 00 20 00 20 00 20 00 20 00 53 00 45 00 4C 00 45 00 43 00 54 00 20 00 40 00 43 00 6F 00 6C 00 75 00 6D 00 6E 00 5F 00 4E 00 61 00 6D 00 65 00 73 00 20 00 3D 00 20 00 43 00 4F 00 41 00 4C 00 45 00 53 00 43 00 45 00 28 00 40 00 43 00 6F 00 6C 00 75 00 6D 00 6E 00 5F 00 4E 00 61 00 6D 00 65 00 73 00 20 00 2B 00 20 00 27 00 2C 00 20 00 27 00 2C 00 20 00 27 00 27 00 29 00 20 00 2B 00 20 00 51 00 55 00 4F 00 54 00 45 00 4E 00 41 00 4D 00 45 00 28 00 5B 00 6E 00 61 00 6D 00 65 00 5D 00 29 00 20 00 46 00 52 00 4F 00 4D 00 20 00 74 00 65 00 6D 00 70 00 64 00 62 00 2E 00 5B 00 73 00 79 00 73 00 5D 00 2E 00 5B 00 61 00 6C 00 6C 00 5F 00 63 00 6F 00 6C 00 75 00 6D 00 6E 00 73 00 5D 00 20 00 57 00 48 00 45 00 52 00 45 00 20 00 5B 00 6F 00 62 00 6A 00 65 00 63 00 74 00 5F 00 69 00 64 00 5D 00 20 00 3D 00 20 00 4F 00 42 00 4A 00 45 00 43 00 54 00 5F 00 49 00 44 00 28 00 27 00 5B 00 23 00 42 00 75 00 6C 00 6B 00 43 00 6F 00 70 00 79 00 47 00 75 00 69 00 64 00 5D 00 27 00 29 00 20 00 41 00 4E 00 44 00 20 00 43 00 4F 00 41 00 4C 00 45 00 53 00 43 00 45 00 28 00 5B 00 67 00 72 00 61 00 70 00 68 00 5F 00 74 00 79 00 70 00 65 00 5D 00 2C 00 20 00 30 00 29 00 20 00 4E 00 4F 00 54 00 20 00 49 00 4E 00 20 00 28 00 31 00 2C 00 20 00 33 00 2C 00 20 00 34 00 2C 00 20 00 36 00 2C 00 20 00 37 00 29 00 20 00 4F 00 52 00 44 00 45 00 52 00 20 00 42 00 59 00 20 00 5B 00 63 00 6F 00 6C 00 75 00 6D 00 6E 00 5F 00 69 00 64 00 5D 00 20 00 41 00 53 00 43 00 3B 00 0D 00 0A 00 45 00 4E 00 44 00 0D 00 0A 00 45 00 4C 00 53 00 45 00 0D 00 0A 00 42 00 45 00 47 00 49 00 4E 00 0D 00 0A 00 20 00 20 00 20 00 20 00 53 00 45 00 4C 00 45 00 43 00 54 00 20 00 40 00 43 00 6F 00 6C 00 75 00 6D 00 6E 00 5F 00 4E 00 61 00 6D 00 65 00 73 00 20 00 3D 00 20 00 43 00 4F 00 41 00 4C 00 45 00 53 00 43 00 45 00 28 00 40 00 43 00 6F 00 6C 00 75 00 6D 00 6E 00 5F 00 4E 00 61 00 6D 00 65 00 73 00 20 00 2B 00 20 00 27 00 2C 00 20 00 27 00 2C 00 20 00 27 00 27 00 29 00 20 00 2B 00 20 00 51 00 55 00 4F 00 54 00 45 00 4E 00 41 00 4D 00 45 00 28 00 5B 00 6E 00 61 00 6D 00 65 00 5D 00 29 00 20 00 46 00 52 00 4F 00 4D 00 20 00 74 00 65 00 6D 00 70 00 64 00 62 00 2E 00 5B 00 73 00 79 00 73 00 5D 00 2E 00 5B 00 61 00 6C 00 6C 00 5F 00 63 00 6F 00 6C 00 75 00 6D 00 6E 00 73 00 5D 00 20 00 57 00 48 00 45 00 52 00 45 00 20 00 5B 00 6F 00 62 00 6A 00 65 00 63 00 74 00 5F 00 69 00 64 00 5D 00 20 00 3D 00 20 00 4F 00 42 00 4A 00 45 00 43 00 54 00 5F 00 49 00 44 00 28 00 27 00 5B 00 23 00 42 00 75 00 6C 00 6B 00 43 00 6F 00 70 00 79 00 47 00 75 00 69 00 64 00 5D 00 27 00 29 00 20 00 4F 00 52 00 44 00 45 00 52 00 20 00 42 00 59 00 20 00 5B 00 63 00 6F 00 6C 00 75 00 6D 00 6E 00 5F 00 69 00 64 00 5D 00 20 00 41 00 53 00 43 00 3B 00 0D 00 0A 00 45 00 4E 00 44 00 0D 00 0A 00 0D 00 0A 00 53 00 45 00 4C 00 45 00 43 00 54 00 20 00 40 00 43 00 6F 00 6C 00 75 00 6D 00 6E 00 5F 00 4E 00 61 00 6D 00 65 00 73 00 20 00 3D 00 20 00 43 00 4F 00 41 00 4C 00 45 00 53 00 43 00 45 00 28 00 40 00 43 00 6F 00 6C 00 75 00 6D 00 6E 00 5F 00 4E 00 61 00 6D 00 65 00 73 00 2C 00 20 00 27 00 2A 00 27 00 29 00 3B 00 0D 00 0A 00 0D 00 0A 00 53 00 45 00 54 00 20 00 46 00 4D 00 54 00 4F 00 4E 00 4C 00 59 00 20 00 4F 00 4E 00 3B 00 0D 00 0A 00 45 00 58 00 45 00 43 00 28 00 4E 00 27 00 53 00 45 00 4C 00 45 00 43 00 54 00 20 00 27 00 20 00 2B 00 20 00 40 00 43 00 6F 00 6C 00 75 00 6D 00 6E 00 5F 00 4E 00 61 00 6D 00 65 00 73 00 20 00 2B 00 20 00 4E 00 27 00 20 00 46 00 52 00 4F 00 4D 00 20 00 5B 00 23 00 42 00 75 00 6C 00 6B 00 43 00 6F 00 70 00 79 00 47 00 75 00 69 00 64 00 5D 00 27 00 29 00 3B 00 0D 00 0A 00 53 00 45 00 54 00 20 00 46 00 4D 00 54 00 4F 00 4E 00 4C 00 59 00 20 00 4F 00 46 00 46 00 3B 00 0D 00 0A 00 0D 00 0A 00 45 00 58 00 45 00 43 00 20 00 74 00 65 00 6D 00 70 00 64 00 62 00 2E 00 2E 00 73 00 70 00 5F 00 74 00 61 00 62 00 6C 00 65 00 63 00 6F 00 6C 00 6C 00 61 00 74 00 69 00 6F 00 6E 00 73 00 5F 00 31 00 30 00 30 00 20 00 4E 00 27 00 2E 00 5B 00 23 00 42 00 75 00 6C 00 6B 00 43 00 6F 00 70 00 79 00 47 00 75 00 69 00 64 00 5D 00 27 00 3B 00

[TDS IN COMPAT] ObjectID=1, PacketNum=1, MsgType=0x04, Status=0x01, Length=367 bytes, DataSize=367
[TDS IN COMPAT] Hex Data: 04 01 01 6F 00 37 01 00 81 01 00 00 00 00 00 20 00 38 00 D1 00 00 00 00 FD 11 00 C1 00 01 00 00 00 00 00 00 00 FD 11 00 C1 00 01 00 00 00 00 00 00 00 FD 01 00 C0 00 00 00 00 00 00 00 00 00 FD 11 00 C1 00 00 00 00 00 00 00 00 00 FD 11 00 C1 00 01 00 00 00 00 00 00 00 FD 01 00 B9 00 00 00 00 00 00 00 00 00 81 02 00 00 00 00 00 08 00 24 10 02 69 00 64 00 00 00 00 00 08 00 38 07 63 00 6F 00 75 00 6E 00 74 00 65 00 72 00 FF 11 00 C1 00 00 00 00 00 00 00 00 00 79 00 00 00 00 FE 01 00 E0 00 00 00 00 00 00 00 00 00 FD 01 00 BA 00 00 00 00 00 00 00 00 00 81 04 00 00 00 00 00 08 00 38 05 63 00 6F 00 6C 00 69 00 64 00 00 00 00 00 09 00 E7 00 01 09 04 D0 00 34 04 6E 00 61 00 6D 00 65 00 00 00 00 00 21 00 AD 05 00 0D 74 00 64 00 73 00 5F 00 63 00 6F 00 6C 00 6C 00 61 00 74 00 69 00 6F 00 6E 00 00 01 00 00 09 00 E7 00 01 09 04 D0 00 34 09 63 00 6F 00 6C 00 6C 00 61 00 74 00 69 00 6F 00 6E 00 A9 02 00 01 00 D2 0C 01 00 00 00 04 00 69 00 64 00 D2 0C 02 00 00 00 0E 00 63 00 6F 00 75 00 6E 00 74 00 65 00 72 00 FF 11 00 C1 00 02 00 00 00 00 00 00 00 79 00 00 00 00 FE 00 00 E0 00 00 00 00 00 00 00 00 00

[TDS TOKEN] ObjectID=1, Token=0x81 (SQLCOLMETADATA)
[TDS TOKEN] ObjectID=1, Token=0xD1 (SQLROW)
[TDS TOKEN] ObjectID=1, Token=0xFD (SQLDONE)
[TDS TOKEN] ObjectID=1, Token=0xFD (SQLDONE)
[TDS TOKEN] ObjectID=1, Token=0xFD (SQLDONE)
[TDS TOKEN] ObjectID=1, Token=0xFD (SQLDONE)
[TDS TOKEN] ObjectID=1, Token=0xFD (SQLDONE)
[TDS TOKEN] ObjectID=1, Token=0xFD (SQLDONE)
[TDS TOKEN] ObjectID=1, Token=0x81 (SQLCOLMETADATA)
[TDS TOKEN] ObjectID=1, Token=0xFF (SQLDONEINPROC)
[TDS TOKEN] ObjectID=1, Token=0x79 (SQLRETURNSTATUS)
[TDS TOKEN] ObjectID=1, Token=0xFE (SQLDONEPROC)
[TDS TOKEN] ObjectID=1, Token=0xFD (SQLDONE)
[TDS TOKEN] ObjectID=1, Token=0x81 (SQLCOLMETADATA)
[TDS TOKEN] ObjectID=1, Token=0xA9 (SQLORDER)
[TDS TOKEN] ObjectID=1, Token=0xD2 (SQLNBCROW)
[TDS TOKEN] ObjectID=1, Token=0xD2 (SQLNBCROW)
[TDS TOKEN] ObjectID=1, Token=0xFF (SQLDONEINPROC)
[TDS TOKEN] ObjectID=1, Token=0x79 (SQLRETURNSTATUS)
[TDS TOKEN] ObjectID=1, Token=0xFE (SQLDONEPROC)
[TDS OUT] ObjectID=1, PacketNum=1, MsgType=0x01, Status=0x01, Length=162 bytes
[TDS OUT] Hex Data: 01 01 00 A2 00 00 01 00 16 00 00 00 12 00 00 00 02 00 00 00 00 00 00 00 00 00 01 00 00 00 69 00 6E 00 73 00 65 00 72 00 74 00 20 00 62 00 75 00 6C 00 6B 00 20 00 5B 00 23 00 42 00 75 00 6C 00 6B 00 43 00 6F 00 70 00 79 00 47 00 75 00 69 00 64 00 5D 00 20 00 28 00 5B 00 69 00 64 00 5D 00 20 00 55 00 6E 00 69 00 71 00 75 00 65 00 49 00 64 00 65 00 6E 00 74 00 69 00 66 00 69 00 65 00 72 00 2C 00 20 00 5B 00 63 00 6F 00 75 00 6E 00 74 00 65 00 72 00 5D 00 20 00 49 00 6E 00 74 00 29 00

[TDS IN COMPAT] ObjectID=1, PacketNum=1, MsgType=0x04, Status=0x01, Length=21 bytes, DataSize=21
[TDS IN COMPAT] Hex Data: 04 01 00 15 00 37 01 00 FD 00 00 FD 00 00 00 00 00 00 00 00 00

[TDS TOKEN] ObjectID=1, Token=0xFD (SQLDONE)
[BULKCOPY METADATA] Writing metadata for 2 columns
[BULKCOPY METADATA] - Token: SQLCOLMETADATA (0x81)
[BULKCOPY METADATA] - Column Count: 2
[BULKCOPY METADATA] Column 0: 'id' (Type: UniqueIdentifier, TdsType: 0x24)
[BULKCOPY METADATA]   - UserType: 0x00000000 (4 bytes)
[BULKCOPY METADATA]   - Flags: 0x0008 (IsNullable=False, IsIdentity=False, Updatability=2, IsEncrypted=False)
[BULKCOPY METADATA]   - TdsType: 0x24
[BULKCOPY METADATA]   - Length: 16
[BULKCOPY METADATA]   - ColumnName Length: 2 (byte)
[BULKCOPY METADATA]   - ColumnName: 'id'

[BULKCOPY METADATA] Column 1: 'counter' (Type: Int, TdsType: 0x38)
[BULKCOPY METADATA]   - UserType: 0x00000000 (4 bytes)
[BULKCOPY METADATA]   - Flags: 0x0008 (IsNullable=False, IsIdentity=False, Updatability=2, IsEncrypted=False)
[BULKCOPY METADATA]   - TdsType: 0x38
[BULKCOPY METADATA]   - Length: 4
[BULKCOPY METADATA]   - ColumnName Length: 7 (byte)
[BULKCOPY METADATA]   - ColumnName: 'counter'

[TDS OUT] ObjectID=1, PacketNum=1, MsgType=0x07, Status=0x01, Length=121 bytes
[TDS OUT] Hex Data: 07 01 00 79 00 00 01 00 81 02 00 00 00 00 00 08 00 24 10 02 69 00 64 00 00 00 00 00 08 00 38 07 63 00 6F 00 75 00 6E 00 74 00 65 00 72 00 D1 10 00 84 0E 55 9B E2 D4 41 A7 16 44 66 55 44 00 00 01 00 00 00 D1 10 10 B8 A7 6B AD 9D D1 11 80 B4 00 C0 4F D4 30 C8 02 00 00 00 D1 10 11 B8 A7 6B AD 9D D1 11 80 B4 00 C0 4F D4 30 C8 03 00 00 00 FD 00 00 00 00 00 00 00 00

[TDS IN COMPAT] ObjectID=1, PacketNum=1, MsgType=0x04, Status=0x01, Length=21 bytes, DataSize=21
[TDS IN COMPAT] Hex Data: 04 01 00 15 00 37 01 00 FD 10 00 F0 00 03 00 00 00 00 00 00 00

[TDS TOKEN] ObjectID=1, Token=0xFD (SQLDONE)
Bulk copy completed in 00:00:00.1569768
[TDS OUT] ObjectID=1, PacketNum=1, MsgType=0x01, Status=0x01, Length=138 bytes
[TDS OUT] Hex Data: 01 01 00 8A 00 00 01 00 16 00 00 00 12 00 00 00 02 00 00 00 00 00 00 00 00 00 01 00 00 00 53 00 45 00 4C 00 45 00 43 00 54 00 20 00 69 00 64 00 2C 00 20 00 63 00 6F 00 75 00 6E 00 74 00 65 00 72 00 20 00 46 00 52 00 4F 00 4D 00 20 00 23 00 42 00 75 00 6C 00 6B 00 43 00 6F 00 70 00 79 00 47 00 75 00 69 00 64 00 20 00 4F 00 52 00 44 00 45 00 52 00 20 00 42 00 59 00 20 00 63 00 6F 00 75 00 6E 00 74 00 65 00 72 00

[TDS IN COMPAT] ObjectID=1, PacketNum=1, MsgType=0x04, Status=0x01, Length=130 bytes, DataSize=130
[TDS IN COMPAT] Hex Data: 04 01 00 82 00 37 01 00 81 02 00 00 00 00 00 08 00 24 10 02 69 00 64 00 00 00 00 00 08 00 38 07 63 00 6F 00 75 00 6E 00 74 00 65 00 72 00 A9 02 00 02 00 D1 10 00 84 0E 55 9B E2 D4 41 A7 16 44 66 55 44 00 00 01 00 00 00 D1 10 10 B8 A7 6B AD 9D D1 11 80 B4 00 C0 4F D4 30 C8 02 00 00 00 D1 10 11 B8 A7 6B AD 9D D1 11 80 B4 00 C0 4F D4 30 C8 03 00 00 00 FD 10 00 C1 00 03 00 00 00 00 00 00 00

[TDS TOKEN] ObjectID=1, Token=0x81 (SQLCOLMETADATA)
[TDS TOKEN] ObjectID=1, Token=0xA9 (SQLORDER)

Verifying inserted data:
[TDS TOKEN] ObjectID=1, Token=0xD1 (SQLROW)
  Row 1: 550e8400-e29b-41d4-a716-446655440000
[TDS TOKEN] ObjectID=1, Token=0xD1 (SQLROW)
  Row 2: 6ba7b810-9dad-11d1-80b4-00c04fd430c8
[TDS TOKEN] ObjectID=1, Token=0xD1 (SQLROW)
  Row 3: 6ba7b811-9dad-11d1-80b4-00c04fd430c8
[TDS TOKEN] ObjectID=1, Token=0xFD (SQLDONE)

Test completed successfully!
